given min = 8 and max = 1.7e+308
predicted solutions are
predicted_i, predicted_A, predicted_B, predicted_gcd,predicted_modcalls
2,1,2,0,1
3,2,3,1,2
5,3,5,1,3
8,5,8,1,4
13,8,13,1,5
21,13,21,1,6
34,21,34,1,7
55,34,55,1,8
89,55,89,1,9
144,89,144,1,10
233,144,233,1,11
377,233,377,1,12
610,377,610,1,13
987,610,987,1,14
1597,987,1597,1,15
2584,1597,2584,1,16
4181,2584,4181,1,17
6765,4181,6765,1,18
10946,6765,10946,1,19
17711,10946,17711,1,20
28657,17711,28657,1,21
46368,28657,46368,1,22
75025,46368,75025,1,23
121393,75025,121393,1,24
196418,121393,196418,1,25
317811,196418,317811,1,26
514229,317811,514229,1,27
832040,514229,832040,1,28
1.34627e+006,832040,1.34627e+006,1,29
2.17831e+006,1.34627e+006,2.17831e+006,1,30
3.52458e+006,2.17831e+006,3.52458e+006,1,31
5.70289e+006,3.52458e+006,5.70289e+006,1,32
9.22746e+006,5.70289e+006,9.22746e+006,1,33
1.49304e+007,9.22746e+006,1.49304e+007,1,34
2.41578e+007,1.49304e+007,2.41578e+007,1,35
3.90882e+007,2.41578e+007,3.90882e+007,1,36
6.3246e+007,3.90882e+007,6.3246e+007,1,37
1.02334e+008,6.3246e+007,1.02334e+008,1,38
1.6558e+008,1.02334e+008,1.6558e+008,1,39
2.67914e+008,1.6558e+008,2.67914e+008,1,40
4.33494e+008,2.67914e+008,4.33494e+008,1,41
7.01409e+008,4.33494e+008,7.01409e+008,1,42
1.1349e+009,7.01409e+008,1.1349e+009,1,43
1.83631e+009,1.1349e+009,1.83631e+009,1,44
2.97122e+009,1.83631e+009,2.97122e+009,1,45
4.80753e+009,2.97122e+009,4.80753e+009,1,46
7.77874e+009,4.80753e+009,7.77874e+009,1,47
1.25863e+010,7.77874e+009,1.25863e+010,1,48
2.0365e+010,1.25863e+010,2.0365e+010,1,49
3.29513e+010,2.0365e+010,3.29513e+010,1,50
5.33163e+010,3.29513e+010,5.33163e+010,1,51
8.62676e+010,5.33163e+010,8.62676e+010,1,52
1.39584e+011,8.62676e+010,1.39584e+011,1,53
2.25851e+011,1.39584e+011,2.25851e+011,1,54
3.65435e+011,2.25851e+011,3.65435e+011,1,55
5.91287e+011,3.65435e+011,5.91287e+011,1,56
9.56722e+011,5.91287e+011,9.56722e+011,1,57
1.54801e+012,9.56722e+011,1.54801e+012,1,58
2.50473e+012,1.54801e+012,2.50473e+012,1,59
4.05274e+012,2.50473e+012,4.05274e+012,1,60
6.55747e+012,4.05274e+012,6.55747e+012,1,61
1.06102e+013,6.55747e+012,1.06102e+013,1,62
1.71677e+013,1.06102e+013,1.71677e+013,1,63
2.77779e+013,1.71677e+013,2.77779e+013,1,64
4.49456e+013,2.77779e+013,4.49456e+013,1,65
7.27235e+013,4.49456e+013,7.27235e+013,1,66
1.17669e+014,7.27235e+013,1.17669e+014,1,67
1.90392e+014,1.17669e+014,1.90392e+014,1,68
3.08062e+014,1.90392e+014,3.08062e+014,1,69
4.98454e+014,3.08062e+014,4.98454e+014,1,70
8.06516e+014,4.98454e+014,8.06516e+014,1,71
1.30497e+015,8.06516e+014,1.30497e+015,1,72
2.11149e+015,1.30497e+015,2.11149e+015,1,73
3.41645e+015,2.11149e+015,3.41645e+015,1,74
5.52794e+015,3.41645e+015,5.52794e+015,1,75
8.94439e+015,5.52794e+015,8.94439e+015,1,76
1.44723e+016,8.94439e+015,1.44723e+016,1,77
2.34167e+016,1.44723e+016,2.34167e+016,1,78
3.78891e+016,2.34167e+016,3.78891e+016,1,79
6.13058e+016,3.78891e+016,6.13058e+016,1,80
9.91949e+016,6.13058e+016,9.91949e+016,1,81
1.60501e+017,9.91949e+016,1.60501e+017,1,82
2.59695e+017,1.60501e+017,2.59695e+017,1,83
4.20196e+017,2.59695e+017,4.20196e+017,1,84
6.79892e+017,4.20196e+017,6.79892e+017,1,85
1.10009e+018,6.79892e+017,1.10009e+018,1,86
1.77998e+018,1.10009e+018,1.77998e+018,1,87
2.88007e+018,1.77998e+018,2.88007e+018,1,88
4.66005e+018,2.88007e+018,4.66005e+018,1,89
7.54011e+018,4.66005e+018,7.54011e+018,1,90
1.22002e+019,7.54011e+018,1.22002e+019,1,91
1.97403e+019,1.22002e+019,1.97403e+019,1,92
3.19404e+019,1.97403e+019,3.19404e+019,1,93
5.16807e+019,3.19404e+019,5.16807e+019,1,94
8.36211e+019,5.16807e+019,8.36211e+019,1,95
1.35302e+020,8.36211e+019,1.35302e+020,1,96
2.18923e+020,1.35302e+020,2.18923e+020,1,97
3.54225e+020,2.18923e+020,3.54225e+020,1,98
5.73148e+020,3.54225e+020,5.73148e+020,1,99
9.27373e+020,5.73148e+020,9.27373e+020,1,100
1.50052e+021,9.27373e+020,1.50052e+021,1,101
2.42789e+021,1.50052e+021,2.42789e+021,1,102
3.92841e+021,2.42789e+021,3.92841e+021,1,103
6.35631e+021,3.92841e+021,6.35631e+021,1,104
1.02847e+022,6.35631e+021,1.02847e+022,1,105
1.6641e+022,1.02847e+022,1.6641e+022,1,106
2.69257e+022,1.6641e+022,2.69257e+022,1,107
4.35668e+022,2.69257e+022,4.35668e+022,1,108
7.04925e+022,4.35668e+022,7.04925e+022,1,109
1.14059e+023,7.04925e+022,1.14059e+023,1,110
1.84552e+023,1.14059e+023,1.84552e+023,1,111
2.98611e+023,1.84552e+023,2.98611e+023,1,112
4.83163e+023,2.98611e+023,4.83163e+023,1,113
7.81774e+023,4.83163e+023,7.81774e+023,1,114
1.26494e+024,7.81774e+023,1.26494e+024,1,115
2.04671e+024,1.26494e+024,2.04671e+024,1,116
3.31165e+024,2.04671e+024,3.31165e+024,1,117
5.35836e+024,3.31165e+024,5.35836e+024,1,118
8.67001e+024,5.35836e+024,8.67001e+024,1,119
1.40284e+025,8.67001e+024,1.40284e+025,1,120
2.26984e+025,1.40284e+025,2.26984e+025,1,121
3.67267e+025,2.26984e+025,3.67267e+025,1,122
5.94251e+025,3.67267e+025,5.94251e+025,1,123
9.61519e+025,5.94251e+025,9.61519e+025,1,124
1.55577e+026,9.61519e+025,1.55577e+026,1,125
2.51729e+026,1.55577e+026,2.51729e+026,1,126
4.07306e+026,2.51729e+026,4.07306e+026,1,127
6.59035e+026,4.07306e+026,6.59035e+026,1,128
1.06634e+027,6.59035e+026,1.06634e+027,1,129
1.72538e+027,1.06634e+027,1.72538e+027,1,130
2.79172e+027,1.72538e+027,2.79172e+027,1,131
4.51709e+027,2.79172e+027,4.51709e+027,1,132
7.30881e+027,4.51709e+027,7.30881e+027,1,133
1.18259e+028,7.30881e+027,1.18259e+028,1,134
1.91347e+028,1.18259e+028,1.91347e+028,1,135
3.09606e+028,1.91347e+028,3.09606e+028,1,136
5.00953e+028,3.09606e+028,5.00953e+028,1,137
8.10559e+028,5.00953e+028,8.10559e+028,1,138
1.31151e+029,8.10559e+028,1.31151e+029,1,139
2.12207e+029,1.31151e+029,2.12207e+029,1,140
3.43358e+029,2.12207e+029,3.43358e+029,1,141
5.55565e+029,3.43358e+029,5.55565e+029,1,142
8.98924e+029,5.55565e+029,8.98924e+029,1,143
1.45449e+030,8.98924e+029,1.45449e+030,1,144
2.35341e+030,1.45449e+030,2.35341e+030,1,145
3.8079e+030,2.35341e+030,3.8079e+030,1,146
6.16131e+030,3.8079e+030,6.16131e+030,1,147
9.96922e+030,6.16131e+030,9.96922e+030,1,148
1.61305e+031,9.96922e+030,1.61305e+031,1,149
2.60997e+031,1.61305e+031,2.60997e+031,1,150
4.22303e+031,2.60997e+031,4.22303e+031,1,151
6.833e+031,4.22303e+031,6.833e+031,1,152
1.1056e+032,6.833e+031,1.1056e+032,1,153
1.7889e+032,1.1056e+032,1.7889e+032,1,154
2.89451e+032,1.7889e+032,2.89451e+032,1,155
4.68341e+032,2.89451e+032,4.68341e+032,1,156
7.57792e+032,4.68341e+032,7.57792e+032,1,157
1.22613e+033,7.57792e+032,1.22613e+033,1,158
1.98392e+033,1.22613e+033,1.98392e+033,1,159
3.21006e+033,1.98392e+033,3.21006e+033,1,160
5.19398e+033,3.21006e+033,5.19398e+033,1,161
8.40404e+033,5.19398e+033,8.40404e+033,1,162
1.3598e+034,8.40404e+033,1.3598e+034,1,163
2.20021e+034,1.3598e+034,2.20021e+034,1,164
3.56001e+034,2.20021e+034,3.56001e+034,1,165
5.76021e+034,3.56001e+034,5.76021e+034,1,166
9.32022e+034,5.76021e+034,9.32022e+034,1,167
1.50804e+035,9.32022e+034,1.50804e+035,1,168
2.44007e+035,1.50804e+035,2.44007e+035,1,169
3.94811e+035,2.44007e+035,3.94811e+035,1,170
6.38817e+035,3.94811e+035,6.38817e+035,1,171
1.03363e+036,6.38817e+035,1.03363e+036,1,172
1.67245e+036,1.03363e+036,1.67245e+036,1,173
2.70607e+036,1.67245e+036,2.70607e+036,1,174
4.37852e+036,2.70607e+036,4.37852e+036,1,175
7.08459e+036,4.37852e+036,7.08459e+036,1,176
1.14631e+037,7.08459e+036,1.14631e+037,1,177
1.85477e+037,1.14631e+037,1.85477e+037,1,178
3.00108e+037,1.85477e+037,3.00108e+037,1,179
4.85585e+037,3.00108e+037,4.85585e+037,1,180
7.85694e+037,4.85585e+037,7.85694e+037,1,181
1.27128e+038,7.85694e+037,1.27128e+038,1,182
2.05697e+038,1.27128e+038,2.05697e+038,1,183
3.32825e+038,2.05697e+038,3.32825e+038,1,184
5.38522e+038,3.32825e+038,5.38522e+038,1,185
8.71347e+038,5.38522e+038,8.71347e+038,1,186
1.40987e+039,8.71347e+038,1.40987e+039,1,187
2.28122e+039,1.40987e+039,2.28122e+039,1,188
3.69109e+039,2.28122e+039,3.69109e+039,1,189
5.9723e+039,3.69109e+039,5.9723e+039,1,190
9.66339e+039,5.9723e+039,9.66339e+039,1,191
1.56357e+040,9.66339e+039,1.56357e+040,1,192
2.52991e+040,1.56357e+040,2.52991e+040,1,193
4.09348e+040,2.52991e+040,4.09348e+040,1,194
6.62339e+040,4.09348e+040,6.62339e+040,1,195
1.07169e+041,6.62339e+040,1.07169e+041,1,196
1.73403e+041,1.07169e+041,1.73403e+041,1,197
2.80571e+041,1.73403e+041,2.80571e+041,1,198
4.53974e+041,2.80571e+041,4.53974e+041,1,199
7.34545e+041,4.53974e+041,7.34545e+041,1,200
1.18852e+042,7.34545e+041,1.18852e+042,1,201
1.92306e+042,1.18852e+042,1.92306e+042,1,202
3.11158e+042,1.92306e+042,3.11158e+042,1,203
5.03465e+042,3.11158e+042,5.03465e+042,1,204
8.14623e+042,5.03465e+042,8.14623e+042,1,205
1.31809e+043,8.14623e+042,1.31809e+043,1,206
2.13271e+043,1.31809e+043,2.13271e+043,1,207
3.4508e+043,2.13271e+043,3.4508e+043,1,208
5.58351e+043,3.4508e+043,5.58351e+043,1,209
9.0343e+043,5.58351e+043,9.0343e+043,1,210
1.46178e+044,9.0343e+043,1.46178e+044,1,211
2.36521e+044,1.46178e+044,2.36521e+044,1,212
3.82699e+044,2.36521e+044,3.82699e+044,1,213
6.1922e+044,3.82699e+044,6.1922e+044,1,214
1.00192e+045,6.1922e+044,1.00192e+045,1,215
1.62114e+045,1.00192e+045,1.62114e+045,1,216
2.62306e+045,1.62114e+045,2.62306e+045,1,217
4.2442e+045,2.62306e+045,4.2442e+045,1,218
6.86726e+045,4.2442e+045,6.86726e+045,1,219
1.11115e+046,6.86726e+045,1.11115e+046,1,220
1.79787e+046,1.11115e+046,1.79787e+046,1,221
2.90902e+046,1.79787e+046,2.90902e+046,1,222
4.70689e+046,2.90902e+046,4.70689e+046,1,223
7.61591e+046,4.70689e+046,7.61591e+046,1,224
1.23228e+047,7.61591e+046,1.23228e+047,1,225
1.99387e+047,1.23228e+047,1.99387e+047,1,226
3.22615e+047,1.99387e+047,3.22615e+047,1,227
5.22002e+047,3.22615e+047,5.22002e+047,1,228
8.44617e+047,5.22002e+047,8.44617e+047,1,229
1.36662e+048,8.44617e+047,1.36662e+048,1,230
2.21124e+048,1.36662e+048,2.21124e+048,1,231
3.57786e+048,2.21124e+048,3.57786e+048,1,232
5.78909e+048,3.57786e+048,5.78909e+048,1,233
9.36695e+048,5.78909e+048,9.36695e+048,1,234
1.5156e+049,9.36695e+048,1.5156e+049,1,235
2.4523e+049,1.5156e+049,2.4523e+049,1,236
3.9679e+049,2.4523e+049,3.9679e+049,1,237
6.4202e+049,3.9679e+049,6.4202e+049,1,238
1.03881e+050,6.4202e+049,1.03881e+050,1,239
1.68083e+050,1.03881e+050,1.68083e+050,1,240
2.71964e+050,1.68083e+050,2.71964e+050,1,241
4.40047e+050,2.71964e+050,4.40047e+050,1,242
7.12011e+050,4.40047e+050,7.12011e+050,1,243
1.15206e+051,7.12011e+050,1.15206e+051,1,244
1.86407e+051,1.15206e+051,1.86407e+051,1,245
3.01613e+051,1.86407e+051,3.01613e+051,1,246
4.8802e+051,3.01613e+051,4.8802e+051,1,247
7.89633e+051,4.8802e+051,7.89633e+051,1,248
1.27765e+052,7.89633e+051,1.27765e+052,1,249
2.06728e+052,1.27765e+052,2.06728e+052,1,250
3.34494e+052,2.06728e+052,3.34494e+052,1,251
5.41222e+052,3.34494e+052,5.41222e+052,1,252
8.75716e+052,5.41222e+052,8.75716e+052,1,253
1.41694e+053,8.75716e+052,1.41694e+053,1,254
2.29265e+053,1.41694e+053,2.29265e+053,1,255
3.70959e+053,2.29265e+053,3.70959e+053,1,256
6.00225e+053,3.70959e+053,6.00225e+053,1,257
9.71184e+053,6.00225e+053,9.71184e+053,1,258
1.57141e+054,9.71184e+053,1.57141e+054,1,259
2.54259e+054,1.57141e+054,2.54259e+054,1,260
4.114e+054,2.54259e+054,4.114e+054,1,261
6.65659e+054,4.114e+054,6.65659e+054,1,262
1.07706e+055,6.65659e+054,1.07706e+055,1,263
1.74272e+055,1.07706e+055,1.74272e+055,1,264
2.81978e+055,1.74272e+055,2.81978e+055,1,265
4.5625e+055,2.81978e+055,4.5625e+055,1,266
7.38228e+055,4.5625e+055,7.38228e+055,1,267
1.19448e+056,7.38228e+055,1.19448e+056,1,268
1.9327e+056,1.19448e+056,1.9327e+056,1,269
3.12718e+056,1.9327e+056,3.12718e+056,1,270
5.05989e+056,3.12718e+056,5.05989e+056,1,271
8.18707e+056,5.05989e+056,8.18707e+056,1,272
1.3247e+057,8.18707e+056,1.3247e+057,1,273
2.1434e+057,1.3247e+057,2.1434e+057,1,274
3.4681e+057,2.1434e+057,3.4681e+057,1,275
5.6115e+057,3.4681e+057,5.6115e+057,1,276
9.0796e+057,5.6115e+057,9.0796e+057,1,277
1.46911e+058,9.0796e+057,1.46911e+058,1,278
2.37707e+058,1.46911e+058,2.37707e+058,1,279
3.84618e+058,2.37707e+058,3.84618e+058,1,280
6.22325e+058,3.84618e+058,6.22325e+058,1,281
1.00694e+059,6.22325e+058,1.00694e+059,1,282
1.62927e+059,1.00694e+059,1.62927e+059,1,283
2.63621e+059,1.62927e+059,2.63621e+059,1,284
4.26548e+059,2.63621e+059,4.26548e+059,1,285
6.90169e+059,4.26548e+059,6.90169e+059,1,286
1.11672e+060,6.90169e+059,1.11672e+060,1,287
1.80689e+060,1.11672e+060,1.80689e+060,1,288
2.9236e+060,1.80689e+060,2.9236e+060,1,289
4.73049e+060,2.9236e+060,4.73049e+060,1,290
7.65409e+060,4.73049e+060,7.65409e+060,1,291
1.23846e+061,7.65409e+060,1.23846e+061,1,292
2.00387e+061,1.23846e+061,2.00387e+061,1,293
3.24232e+061,2.00387e+061,3.24232e+061,1,294
5.24619e+061,3.24232e+061,5.24619e+061,1,295
8.48852e+061,5.24619e+061,8.48852e+061,1,296
1.37347e+062,8.48852e+061,1.37347e+062,1,297
2.22232e+062,1.37347e+062,2.22232e+062,1,298
3.59579e+062,2.22232e+062,3.59579e+062,1,299
5.81812e+062,3.59579e+062,5.81812e+062,1,300
9.41391e+062,5.81812e+062,9.41391e+062,1,301
1.5232e+063,9.41391e+062,1.5232e+063,1,302
2.46459e+063,1.5232e+063,2.46459e+063,1,303
3.9878e+063,2.46459e+063,3.9878e+063,1,304
6.45239e+063,3.9878e+063,6.45239e+063,1,305
1.04402e+064,6.45239e+063,1.04402e+064,1,306
1.68926e+064,1.04402e+064,1.68926e+064,1,307
2.73328e+064,1.68926e+064,2.73328e+064,1,308
4.42253e+064,2.73328e+064,4.42253e+064,1,309
7.15581e+064,4.42253e+064,7.15581e+064,1,310
1.15783e+065,7.15581e+064,1.15783e+065,1,311
1.87342e+065,1.15783e+065,1.87342e+065,1,312
3.03125e+065,1.87342e+065,3.03125e+065,1,313
4.90466e+065,3.03125e+065,4.90466e+065,1,314
7.93591e+065,4.90466e+065,7.93591e+065,1,315
1.28406e+066,7.93591e+065,1.28406e+066,1,316
2.07765e+066,1.28406e+066,2.07765e+066,1,317
3.36171e+066,2.07765e+066,3.36171e+066,1,318
5.43936e+066,3.36171e+066,5.43936e+066,1,319
8.80106e+066,5.43936e+066,8.80106e+066,1,320
1.42404e+067,8.80106e+066,1.42404e+067,1,321
2.30415e+067,1.42404e+067,2.30415e+067,1,322
3.72819e+067,2.30415e+067,3.72819e+067,1,323
6.03234e+067,3.72819e+067,6.03234e+067,1,324
9.76053e+067,6.03234e+067,9.76053e+067,1,325
1.57929e+068,9.76053e+067,1.57929e+068,1,326
2.55534e+068,1.57929e+068,2.55534e+068,1,327
4.13463e+068,2.55534e+068,4.13463e+068,1,328
6.68997e+068,4.13463e+068,6.68997e+068,1,329
1.08246e+069,6.68997e+068,1.08246e+069,1,330
1.75146e+069,1.08246e+069,1.75146e+069,1,331
2.83392e+069,1.75146e+069,2.83392e+069,1,332
4.58537e+069,2.83392e+069,4.58537e+069,1,333
7.41929e+069,4.58537e+069,7.41929e+069,1,334
1.20047e+070,7.41929e+069,1.20047e+070,1,335
1.94239e+070,1.20047e+070,1.94239e+070,1,336
3.14286e+070,1.94239e+070,3.14286e+070,1,337
5.08525e+070,3.14286e+070,5.08525e+070,1,338
8.22811e+070,5.08525e+070,8.22811e+070,1,339
1.33134e+071,8.22811e+070,1.33134e+071,1,340
2.15415e+071,1.33134e+071,2.15415e+071,1,341
3.48549e+071,2.15415e+071,3.48549e+071,1,342
5.63963e+071,3.48549e+071,5.63963e+071,1,343
9.12512e+071,5.63963e+071,9.12512e+071,1,344
1.47648e+072,9.12512e+071,1.47648e+072,1,345
2.38899e+072,1.47648e+072,2.38899e+072,1,346
3.86546e+072,2.38899e+072,3.86546e+072,1,347
6.25445e+072,3.86546e+072,6.25445e+072,1,348
1.01199e+073,6.25445e+072,1.01199e+073,1,349
1.63744e+073,1.01199e+073,1.63744e+073,1,350
2.64943e+073,1.63744e+073,2.64943e+073,1,351
4.28686e+073,2.64943e+073,4.28686e+073,1,352
6.93629e+073,4.28686e+073,6.93629e+073,1,353
1.12232e+074,6.93629e+073,1.12232e+074,1,354
1.81594e+074,1.12232e+074,1.81594e+074,1,355
2.93826e+074,1.81594e+074,2.93826e+074,1,356
4.7542e+074,2.93826e+074,4.7542e+074,1,357
7.69246e+074,4.7542e+074,7.69246e+074,1,358
1.24467e+075,7.69246e+074,1.24467e+075,1,359
2.01391e+075,1.24467e+075,2.01391e+075,1,360
3.25858e+075,2.01391e+075,3.25858e+075,1,361
5.27249e+075,3.25858e+075,5.27249e+075,1,362
8.53107e+075,5.27249e+075,8.53107e+075,1,363
1.38036e+076,8.53107e+075,1.38036e+076,1,364
2.23346e+076,1.38036e+076,2.23346e+076,1,365
3.61382e+076,2.23346e+076,3.61382e+076,1,366
5.84728e+076,3.61382e+076,5.84728e+076,1,367
9.46111e+076,5.84728e+076,9.46111e+076,1,368
1.53084e+077,9.46111e+076,1.53084e+077,1,369
2.47695e+077,1.53084e+077,2.47695e+077,1,370
4.00779e+077,2.47695e+077,4.00779e+077,1,371
6.48474e+077,4.00779e+077,6.48474e+077,1,372
1.04925e+078,6.48474e+077,1.04925e+078,1,373
1.69773e+078,1.04925e+078,1.69773e+078,1,374
2.74698e+078,1.69773e+078,2.74698e+078,1,375
4.44471e+078,2.74698e+078,4.44471e+078,1,376
7.19168e+078,4.44471e+078,7.19168e+078,1,377
1.16364e+079,7.19168e+078,1.16364e+079,1,378
1.88281e+079,1.16364e+079,1.88281e+079,1,379
3.04645e+079,1.88281e+079,3.04645e+079,1,380
4.92925e+079,3.04645e+079,4.92925e+079,1,381
7.9757e+079,4.92925e+079,7.9757e+079,1,382
1.2905e+080,7.9757e+079,1.2905e+080,1,383
2.08807e+080,1.2905e+080,2.08807e+080,1,384
3.37856e+080,2.08807e+080,3.37856e+080,1,385
5.46663e+080,3.37856e+080,5.46663e+080,1,386
8.84519e+080,5.46663e+080,8.84519e+080,1,387
1.43118e+081,8.84519e+080,1.43118e+081,1,388
2.3157e+081,1.43118e+081,2.3157e+081,1,389
3.74688e+081,2.3157e+081,3.74688e+081,1,390
6.06258e+081,3.74688e+081,6.06258e+081,1,391
9.80946e+081,6.06258e+081,9.80946e+081,1,392
1.5872e+082,9.80946e+081,1.5872e+082,1,393
2.56815e+082,1.5872e+082,2.56815e+082,1,394
4.15536e+082,2.56815e+082,4.15536e+082,1,395
6.72351e+082,4.15536e+082,6.72351e+082,1,396
1.08789e+083,6.72351e+082,1.08789e+083,1,397
1.76024e+083,1.08789e+083,1.76024e+083,1,398
2.84812e+083,1.76024e+083,2.84812e+083,1,399
4.60836e+083,2.84812e+083,4.60836e+083,1,400
7.45648e+083,4.60836e+083,7.45648e+083,1,401
1.20648e+084,7.45648e+083,1.20648e+084,1,402
1.95213e+084,1.20648e+084,1.95213e+084,1,403
3.15862e+084,1.95213e+084,3.15862e+084,1,404
5.11075e+084,3.15862e+084,5.11075e+084,1,405
8.26937e+084,5.11075e+084,8.26937e+084,1,406
1.33801e+085,8.26937e+084,1.33801e+085,1,407
2.16495e+085,1.33801e+085,2.16495e+085,1,408
3.50296e+085,2.16495e+085,3.50296e+085,1,409
5.66791e+085,3.50296e+085,5.66791e+085,1,410
9.17087e+085,5.66791e+085,9.17087e+085,1,411
1.48388e+086,9.17087e+085,1.48388e+086,1,412
2.40096e+086,1.48388e+086,2.40096e+086,1,413
3.88484e+086,2.40096e+086,3.88484e+086,1,414
6.28581e+086,3.88484e+086,6.28581e+086,1,415
1.01706e+087,6.28581e+086,1.01706e+087,1,416
1.64565e+087,1.01706e+087,1.64565e+087,1,417
2.66271e+087,1.64565e+087,2.66271e+087,1,418
4.30836e+087,2.66271e+087,4.30836e+087,1,419
6.97107e+087,4.30836e+087,6.97107e+087,1,420
1.12794e+088,6.97107e+087,1.12794e+088,1,421
1.82505e+088,1.12794e+088,1.82505e+088,1,422
2.95299e+088,1.82505e+088,2.95299e+088,1,423
4.77804e+088,2.95299e+088,4.77804e+088,1,424
7.73103e+088,4.77804e+088,7.73103e+088,1,425
1.25091e+089,7.73103e+088,1.25091e+089,1,426
2.02401e+089,1.25091e+089,2.02401e+089,1,427
3.27492e+089,2.02401e+089,3.27492e+089,1,428
5.29893e+089,3.27492e+089,5.29893e+089,1,429
8.57384e+089,5.29893e+089,8.57384e+089,1,430
1.38728e+090,8.57384e+089,1.38728e+090,1,431
2.24466e+090,1.38728e+090,2.24466e+090,1,432
3.63194e+090,2.24466e+090,3.63194e+090,1,433
5.8766e+090,3.63194e+090,5.8766e+090,1,434
9.50854e+090,5.8766e+090,9.50854e+090,1,435
1.53851e+091,9.50854e+090,1.53851e+091,1,436
2.48937e+091,1.53851e+091,2.48937e+091,1,437
4.02788e+091,2.48937e+091,4.02788e+091,1,438
6.51725e+091,4.02788e+091,6.51725e+091,1,439
1.05451e+092,6.51725e+091,1.05451e+092,1,440
1.70624e+092,1.05451e+092,1.70624e+092,1,441
2.76075e+092,1.70624e+092,2.76075e+092,1,442
4.46699e+092,2.76075e+092,4.46699e+092,1,443
7.22774e+092,4.46699e+092,7.22774e+092,1,444
1.16947e+093,7.22774e+092,1.16947e+093,1,445
1.89225e+093,1.16947e+093,1.89225e+093,1,446
3.06172e+093,1.89225e+093,3.06172e+093,1,447
4.95397e+093,3.06172e+093,4.95397e+093,1,448
8.01569e+093,4.95397e+093,8.01569e+093,1,449
1.29697e+094,8.01569e+093,1.29697e+094,1,450
2.09853e+094,1.29697e+094,2.09853e+094,1,451
3.3955e+094,2.09853e+094,3.3955e+094,1,452
5.49403e+094,3.3955e+094,5.49403e+094,1,453
8.88953e+094,5.49403e+094,8.88953e+094,1,454
1.43836e+095,8.88953e+094,1.43836e+095,1,455
2.32731e+095,1.43836e+095,2.32731e+095,1,456
3.76567e+095,2.32731e+095,3.76567e+095,1,457
6.09298e+095,3.76567e+095,6.09298e+095,1,458
9.85864e+095,6.09298e+095,9.85864e+095,1,459
1.59516e+096,9.85864e+095,1.59516e+096,1,460
2.58103e+096,1.59516e+096,2.58103e+096,1,461
4.17619e+096,2.58103e+096,4.17619e+096,1,462
6.75721e+096,4.17619e+096,6.75721e+096,1,463
1.09334e+097,6.75721e+096,1.09334e+097,1,464
1.76906e+097,1.09334e+097,1.76906e+097,1,465
2.8624e+097,1.76906e+097,2.8624e+097,1,466
4.63146e+097,2.8624e+097,4.63146e+097,1,467
7.49387e+097,4.63146e+097,7.49387e+097,1,468
1.21253e+098,7.49387e+097,1.21253e+098,1,469
1.96192e+098,1.21253e+098,1.96192e+098,1,470
3.17445e+098,1.96192e+098,3.17445e+098,1,471
5.13637e+098,3.17445e+098,5.13637e+098,1,472
8.31082e+098,5.13637e+098,8.31082e+098,1,473
1.34472e+099,8.31082e+098,1.34472e+099,1,474
2.1758e+099,1.34472e+099,2.1758e+099,1,475
3.52052e+099,2.1758e+099,3.52052e+099,1,476
5.69632e+099,3.52052e+099,5.69632e+099,1,477
9.21685e+099,5.69632e+099,9.21685e+099,1,478
1.49132e+100,9.21685e+099,1.49132e+100,1,479
2.413e+100,1.49132e+100,2.413e+100,1,480
3.90432e+100,2.413e+100,3.90432e+100,1,481
6.31732e+100,3.90432e+100,6.31732e+100,1,482
1.02216e+101,6.31732e+100,1.02216e+101,1,483
1.6539e+101,1.02216e+101,1.6539e+101,1,484
2.67606e+101,1.6539e+101,2.67606e+101,1,485
4.32996e+101,2.67606e+101,4.32996e+101,1,486
7.00602e+101,4.32996e+101,7.00602e+101,1,487
1.1336e+102,7.00602e+101,1.1336e+102,1,488
1.8342e+102,1.1336e+102,1.8342e+102,1,489
2.9678e+102,1.8342e+102,2.9678e+102,1,490
4.80199e+102,2.9678e+102,4.80199e+102,1,491
7.76979e+102,4.80199e+102,7.76979e+102,1,492
1.25718e+103,7.76979e+102,1.25718e+103,1,493
2.03416e+103,1.25718e+103,2.03416e+103,1,494
3.29134e+103,2.03416e+103,3.29134e+103,1,495
5.32549e+103,3.29134e+103,5.32549e+103,1,496
8.61683e+103,5.32549e+103,8.61683e+103,1,497
1.39423e+104,8.61683e+103,1.39423e+104,1,498
2.25592e+104,1.39423e+104,2.25592e+104,1,499
3.65015e+104,2.25592e+104,3.65015e+104,1,500
5.90606e+104,3.65015e+104,5.90606e+104,1,501
9.55621e+104,5.90606e+104,9.55621e+104,1,502
1.54623e+105,9.55621e+104,1.54623e+105,1,503
2.50185e+105,1.54623e+105,2.50185e+105,1,504
4.04808e+105,2.50185e+105,4.04808e+105,1,505
6.54992e+105,4.04808e+105,6.54992e+105,1,506
1.0598e+106,6.54992e+105,1.0598e+106,1,507
1.71479e+106,1.0598e+106,1.71479e+106,1,508
2.77459e+106,1.71479e+106,2.77459e+106,1,509
4.48938e+106,2.77459e+106,4.48938e+106,1,510
7.26398e+106,4.48938e+106,7.26398e+106,1,511
1.17534e+107,7.26398e+106,1.17534e+107,1,512
1.90173e+107,1.17534e+107,1.90173e+107,1,513
3.07707e+107,1.90173e+107,3.07707e+107,1,514
4.9788e+107,3.07707e+107,4.9788e+107,1,515
8.05587e+107,4.9788e+107,8.05587e+107,1,516
1.30347e+108,8.05587e+107,1.30347e+108,1,517
2.10906e+108,1.30347e+108,2.10906e+108,1,518
3.41252e+108,2.10906e+108,3.41252e+108,1,519
5.52158e+108,3.41252e+108,5.52158e+108,1,520
8.9341e+108,5.52158e+108,8.9341e+108,1,521
1.44557e+109,8.9341e+108,1.44557e+109,1,522
2.33898e+109,1.44557e+109,2.33898e+109,1,523
3.78455e+109,2.33898e+109,3.78455e+109,1,524
6.12352e+109,3.78455e+109,6.12352e+109,1,525
9.90807e+109,6.12352e+109,9.90807e+109,1,526
1.60316e+110,9.90807e+109,1.60316e+110,1,527
2.59397e+110,1.60316e+110,2.59397e+110,1,528
4.19713e+110,2.59397e+110,4.19713e+110,1,529
6.79109e+110,4.19713e+110,6.79109e+110,1,530
1.09882e+111,6.79109e+110,1.09882e+111,1,531
1.77793e+111,1.09882e+111,1.77793e+111,1,532
2.87675e+111,1.77793e+111,2.87675e+111,1,533
4.65468e+111,2.87675e+111,4.65468e+111,1,534
7.53144e+111,4.65468e+111,7.53144e+111,1,535
1.21861e+112,7.53144e+111,1.21861e+112,1,536
1.97176e+112,1.21861e+112,1.97176e+112,1,537
3.19037e+112,1.97176e+112,3.19037e+112,1,538
5.16212e+112,3.19037e+112,5.16212e+112,1,539
8.35249e+112,5.16212e+112,8.35249e+112,1,540
1.35146e+113,8.35249e+112,1.35146e+113,1,541
2.18671e+113,1.35146e+113,2.18671e+113,1,542
3.53817e+113,2.18671e+113,3.53817e+113,1,543
5.72488e+113,3.53817e+113,5.72488e+113,1,544
9.26305e+113,5.72488e+113,9.26305e+113,1,545
1.49879e+114,9.26305e+113,1.49879e+114,1,546
2.4251e+114,1.49879e+114,2.4251e+114,1,547
3.92389e+114,2.4251e+114,3.92389e+114,1,548
6.34899e+114,3.92389e+114,6.34899e+114,1,549
1.02729e+115,6.34899e+114,1.02729e+115,1,550
1.66219e+115,1.02729e+115,1.66219e+115,1,551
2.68948e+115,1.66219e+115,2.68948e+115,1,552
4.35166e+115,2.68948e+115,4.35166e+115,1,553
7.04114e+115,4.35166e+115,7.04114e+115,1,554
1.13928e+116,7.04114e+115,1.13928e+116,1,555
1.84339e+116,1.13928e+116,1.84339e+116,1,556
2.98267e+116,1.84339e+116,2.98267e+116,1,557
4.82607e+116,2.98267e+116,4.82607e+116,1,558
7.80874e+116,4.82607e+116,7.80874e+116,1,559
1.26348e+117,7.80874e+116,1.26348e+117,1,560
2.04436e+117,1.26348e+117,2.04436e+117,1,561
3.30784e+117,2.04436e+117,3.30784e+117,1,562
5.35219e+117,3.30784e+117,5.35219e+117,1,563
8.66003e+117,5.35219e+117,8.66003e+117,1,564
1.40122e+118,8.66003e+117,1.40122e+118,1,565
2.26723e+118,1.40122e+118,2.26723e+118,1,566
3.66845e+118,2.26723e+118,3.66845e+118,1,567
5.93567e+118,3.66845e+118,5.93567e+118,1,568
9.60412e+118,5.93567e+118,9.60412e+118,1,569
1.55398e+119,9.60412e+118,1.55398e+119,1,570
2.51439e+119,1.55398e+119,2.51439e+119,1,571
4.06837e+119,2.51439e+119,4.06837e+119,1,572
6.58276e+119,4.06837e+119,6.58276e+119,1,573
1.06511e+120,6.58276e+119,1.06511e+120,1,574
1.72339e+120,1.06511e+120,1.72339e+120,1,575
2.7885e+120,1.72339e+120,2.7885e+120,1,576
4.51189e+120,2.7885e+120,4.51189e+120,1,577
7.30039e+120,4.51189e+120,7.30039e+120,1,578
1.18123e+121,7.30039e+120,1.18123e+121,1,579
1.91127e+121,1.18123e+121,1.91127e+121,1,580
3.0925e+121,1.91127e+121,3.0925e+121,1,581
5.00376e+121,3.0925e+121,5.00376e+121,1,582
8.09626e+121,5.00376e+121,8.09626e+121,1,583
1.31e+122,8.09626e+121,1.31e+122,1,584
2.11963e+122,1.31e+122,2.11963e+122,1,585
3.42963e+122,2.11963e+122,3.42963e+122,1,586
5.54926e+122,3.42963e+122,5.54926e+122,1,587
8.97889e+122,5.54926e+122,8.97889e+122,1,588
1.45282e+123,8.97889e+122,1.45282e+123,1,589
2.3507e+123,1.45282e+123,2.3507e+123,1,590
3.80352e+123,2.3507e+123,3.80352e+123,1,591
6.15422e+123,3.80352e+123,6.15422e+123,1,592
9.95774e+123,6.15422e+123,9.95774e+123,1,593
1.6112e+124,9.95774e+123,1.6112e+124,1,594
2.60697e+124,1.6112e+124,2.60697e+124,1,595
4.21817e+124,2.60697e+124,4.21817e+124,1,596
6.82514e+124,4.21817e+124,6.82514e+124,1,597
1.10433e+125,6.82514e+124,1.10433e+125,1,598
1.78684e+125,1.10433e+125,1.78684e+125,1,599
2.89118e+125,1.78684e+125,2.89118e+125,1,600
4.67802e+125,2.89118e+125,4.67802e+125,1,601
7.5692e+125,4.67802e+125,7.5692e+125,1,602
1.22472e+126,7.5692e+125,1.22472e+126,1,603
1.98164e+126,1.22472e+126,1.98164e+126,1,604
3.20636e+126,1.98164e+126,3.20636e+126,1,605
5.188e+126,3.20636e+126,5.188e+126,1,606
8.39437e+126,5.188e+126,8.39437e+126,1,607
1.35824e+127,8.39437e+126,1.35824e+127,1,608
2.19767e+127,1.35824e+127,2.19767e+127,1,609
3.55591e+127,2.19767e+127,3.55591e+127,1,610
5.75358e+127,3.55591e+127,5.75358e+127,1,611
9.30949e+127,5.75358e+127,9.30949e+127,1,612
1.50631e+128,9.30949e+127,1.50631e+128,1,613
2.43726e+128,1.50631e+128,2.43726e+128,1,614
3.94357e+128,2.43726e+128,3.94357e+128,1,615
6.38082e+128,3.94357e+128,6.38082e+128,1,616
1.03244e+129,6.38082e+128,1.03244e+129,1,617
1.67052e+129,1.03244e+129,1.67052e+129,1,618
2.70296e+129,1.67052e+129,2.70296e+129,1,619
4.37348e+129,2.70296e+129,4.37348e+129,1,620
7.07644e+129,4.37348e+129,7.07644e+129,1,621
1.14499e+130,7.07644e+129,1.14499e+130,1,622
1.85264e+130,1.14499e+130,1.85264e+130,1,623
2.99763e+130,1.85264e+130,2.99763e+130,1,624
4.85026e+130,2.99763e+130,4.85026e+130,1,625
7.84789e+130,4.85026e+130,7.84789e+130,1,626
1.26982e+131,7.84789e+130,1.26982e+131,1,627
2.05461e+131,1.26982e+131,2.05461e+131,1,628
3.32442e+131,2.05461e+131,3.32442e+131,1,629
5.37903e+131,3.32442e+131,5.37903e+131,1,630
8.70345e+131,5.37903e+131,8.70345e+131,1,631
1.40825e+132,8.70345e+131,1.40825e+132,1,632
2.27859e+132,1.40825e+132,2.27859e+132,1,633
3.68684e+132,2.27859e+132,3.68684e+132,1,634
5.96543e+132,3.68684e+132,5.96543e+132,1,635
9.65227e+132,5.96543e+132,9.65227e+132,1,636
1.56177e+133,9.65227e+132,1.56177e+133,1,637
2.527e+133,1.56177e+133,2.527e+133,1,638
4.08877e+133,2.527e+133,4.08877e+133,1,639
6.61576e+133,4.08877e+133,6.61576e+133,1,640
1.07045e+134,6.61576e+133,1.07045e+134,1,641
1.73203e+134,1.07045e+134,1.73203e+134,1,642
2.80248e+134,1.73203e+134,2.80248e+134,1,643
4.53451e+134,2.80248e+134,4.53451e+134,1,644
7.337e+134,4.53451e+134,7.337e+134,1,645
1.18715e+135,7.337e+134,1.18715e+135,1,646
1.92085e+135,1.18715e+135,1.92085e+135,1,647
3.108e+135,1.92085e+135,3.108e+135,1,648
5.02885e+135,3.108e+135,5.02885e+135,1,649
8.13685e+135,5.02885e+135,8.13685e+135,1,650
1.31657e+136,8.13685e+135,1.31657e+136,1,651
2.13026e+136,1.31657e+136,2.13026e+136,1,652
3.44683e+136,2.13026e+136,3.44683e+136,1,653
5.57708e+136,3.44683e+136,5.57708e+136,1,654
9.02391e+136,5.57708e+136,9.02391e+136,1,655
1.4601e+137,9.02391e+136,1.4601e+137,1,656
2.36249e+137,1.4601e+137,2.36249e+137,1,657
3.82259e+137,2.36249e+137,3.82259e+137,1,658
6.18508e+137,3.82259e+137,6.18508e+137,1,659
1.00077e+138,6.18508e+137,1.00077e+138,1,660
1.61927e+138,1.00077e+138,1.61927e+138,1,661
2.62004e+138,1.61927e+138,2.62004e+138,1,662
4.23932e+138,2.62004e+138,4.23932e+138,1,663
6.85936e+138,4.23932e+138,6.85936e+138,1,664
1.10987e+139,6.85936e+138,1.10987e+139,1,665
1.7958e+139,1.10987e+139,1.7958e+139,1,666
2.90567e+139,1.7958e+139,2.90567e+139,1,667
4.70147e+139,2.90567e+139,4.70147e+139,1,668
7.60714e+139,4.70147e+139,7.60714e+139,1,669
1.23086e+140,7.60714e+139,1.23086e+140,1,670
1.99158e+140,1.23086e+140,1.99158e+140,1,671
3.22244e+140,1.99158e+140,3.22244e+140,1,672
5.21401e+140,3.22244e+140,5.21401e+140,1,673
8.43645e+140,5.21401e+140,8.43645e+140,1,674
1.36505e+141,8.43645e+140,1.36505e+141,1,675
2.20869e+141,1.36505e+141,2.20869e+141,1,676
3.57374e+141,2.20869e+141,3.57374e+141,1,677
5.78243e+141,3.57374e+141,5.78243e+141,1,678
9.35617e+141,5.78243e+141,9.35617e+141,1,679
1.51386e+142,9.35617e+141,1.51386e+142,1,680
2.44948e+142,1.51386e+142,2.44948e+142,1,681
3.96334e+142,2.44948e+142,3.96334e+142,1,682
6.41281e+142,3.96334e+142,6.41281e+142,1,683
1.03761e+143,6.41281e+142,1.03761e+143,1,684
1.6789e+143,1.03761e+143,1.6789e+143,1,685
2.71651e+143,1.6789e+143,2.71651e+143,1,686
4.39541e+143,2.71651e+143,4.39541e+143,1,687
7.11192e+143,4.39541e+143,7.11192e+143,1,688
1.15073e+144,7.11192e+143,1.15073e+144,1,689
1.86192e+144,1.15073e+144,1.86192e+144,1,690
3.01266e+144,1.86192e+144,3.01266e+144,1,691
4.87458e+144,3.01266e+144,4.87458e+144,1,692
7.88724e+144,4.87458e+144,7.88724e+144,1,693
1.27618e+145,7.88724e+144,1.27618e+145,1,694
2.06491e+145,1.27618e+145,2.06491e+145,1,695
3.34109e+145,2.06491e+145,3.34109e+145,1,696
5.40599e+145,3.34109e+145,5.40599e+145,1,697
8.74708e+145,5.40599e+145,8.74708e+145,1,698
1.41531e+146,8.74708e+145,1.41531e+146,1,699
2.29002e+146,1.41531e+146,2.29002e+146,1,700
3.70532e+146,2.29002e+146,3.70532e+146,1,701
5.99534e+146,3.70532e+146,5.99534e+146,1,702
9.70066e+146,5.99534e+146,9.70066e+146,1,703
1.5696e+147,9.70066e+146,1.5696e+147,1,704
2.53967e+147,1.5696e+147,2.53967e+147,1,705
4.10927e+147,2.53967e+147,4.10927e+147,1,706
6.64893e+147,4.10927e+147,6.64893e+147,1,707
1.07582e+148,6.64893e+147,1.07582e+148,1,708
1.74071e+148,1.07582e+148,1.74071e+148,1,709
2.81653e+148,1.74071e+148,2.81653e+148,1,710
4.55725e+148,2.81653e+148,4.55725e+148,1,711
7.37378e+148,4.55725e+148,7.37378e+148,1,712
1.1931e+149,7.37378e+148,1.1931e+149,1,713
1.93048e+149,1.1931e+149,1.93048e+149,1,714
3.12358e+149,1.93048e+149,3.12358e+149,1,715
5.05406e+149,3.12358e+149,5.05406e+149,1,716
8.17765e+149,5.05406e+149,8.17765e+149,1,717
1.32317e+150,8.17765e+149,1.32317e+150,1,718
2.14094e+150,1.32317e+150,2.14094e+150,1,719
3.46411e+150,2.14094e+150,3.46411e+150,1,720
5.60504e+150,3.46411e+150,5.60504e+150,1,721
9.06915e+150,5.60504e+150,9.06915e+150,1,722
1.46742e+151,9.06915e+150,1.46742e+151,1,723
2.37433e+151,1.46742e+151,2.37433e+151,1,724
3.84175e+151,2.37433e+151,3.84175e+151,1,725
6.21609e+151,3.84175e+151,6.21609e+151,1,726
1.00578e+152,6.21609e+151,1.00578e+152,1,727
1.62739e+152,1.00578e+152,1.62739e+152,1,728
2.63318e+152,1.62739e+152,2.63318e+152,1,729
4.26057e+152,2.63318e+152,4.26057e+152,1,730
6.89375e+152,4.26057e+152,6.89375e+152,1,731
1.11543e+153,6.89375e+152,1.11543e+153,1,732
1.80481e+153,1.11543e+153,1.80481e+153,1,733
2.92024e+153,1.80481e+153,2.92024e+153,1,734
4.72504e+153,2.92024e+153,4.72504e+153,1,735
7.64528e+153,4.72504e+153,7.64528e+153,1,736
1.23703e+154,7.64528e+153,1.23703e+154,1,737
2.00156e+154,1.23703e+154,2.00156e+154,1,738
3.23859e+154,2.00156e+154,3.23859e+154,1,739
5.24015e+154,3.23859e+154,5.24015e+154,1,740
8.47875e+154,5.24015e+154,8.47875e+154,1,741
1.37189e+155,8.47875e+154,1.37189e+155,1,742
2.21976e+155,1.37189e+155,2.21976e+155,1,743
3.59166e+155,2.21976e+155,3.59166e+155,1,744
5.81142e+155,3.59166e+155,5.81142e+155,1,745
9.40308e+155,5.81142e+155,9.40308e+155,1,746
1.52145e+156,9.40308e+155,1.52145e+156,1,747
2.46176e+156,1.52145e+156,2.46176e+156,1,748
3.98321e+156,2.46176e+156,3.98321e+156,1,749
6.44496e+156,3.98321e+156,6.44496e+156,1,750
1.04282e+157,6.44496e+156,1.04282e+157,1,751
1.68731e+157,1.04282e+157,1.68731e+157,1,752
2.73013e+157,1.68731e+157,2.73013e+157,1,753
4.41744e+157,2.73013e+157,4.41744e+157,1,754
7.14757e+157,4.41744e+157,7.14757e+157,1,755
1.1565e+158,7.14757e+157,1.1565e+158,1,756
1.87126e+158,1.1565e+158,1.87126e+158,1,757
3.02776e+158,1.87126e+158,3.02776e+158,1,758
4.89902e+158,3.02776e+158,4.89902e+158,1,759
7.92678e+158,4.89902e+158,7.92678e+158,1,760
1.28258e+159,7.92678e+158,1.28258e+159,1,761
2.07526e+159,1.28258e+159,2.07526e+159,1,762
3.35784e+159,2.07526e+159,3.35784e+159,1,763
5.4331e+159,3.35784e+159,5.4331e+159,1,764
8.79094e+159,5.4331e+159,8.79094e+159,1,765
1.4224e+160,8.79094e+159,1.4224e+160,1,766
2.3015e+160,1.4224e+160,2.3015e+160,1,767
3.7239e+160,2.3015e+160,3.7239e+160,1,768
6.0254e+160,3.7239e+160,6.0254e+160,1,769
9.7493e+160,6.0254e+160,9.7493e+160,1,770
1.57747e+161,9.7493e+160,1.57747e+161,1,771
2.5524e+161,1.57747e+161,2.5524e+161,1,772
4.12987e+161,2.5524e+161,4.12987e+161,1,773
6.68227e+161,4.12987e+161,6.68227e+161,1,774
1.08121e+162,6.68227e+161,1.08121e+162,1,775
1.74944e+162,1.08121e+162,1.74944e+162,1,776
2.83065e+162,1.74944e+162,2.83065e+162,1,777
4.58009e+162,2.83065e+162,4.58009e+162,1,778
7.41075e+162,4.58009e+162,7.41075e+162,1,779
1.19908e+163,7.41075e+162,1.19908e+163,1,780
1.94016e+163,1.19908e+163,1.94016e+163,1,781
3.13924e+163,1.94016e+163,3.13924e+163,1,782
5.0794e+163,3.13924e+163,5.0794e+163,1,783
8.21865e+163,5.0794e+163,8.21865e+163,1,784
1.3298e+164,8.21865e+163,1.3298e+164,1,785
2.15167e+164,1.3298e+164,2.15167e+164,1,786
3.48147e+164,2.15167e+164,3.48147e+164,1,787
5.63314e+164,3.48147e+164,5.63314e+164,1,788
9.11462e+164,5.63314e+164,9.11462e+164,1,789
1.47478e+165,9.11462e+164,1.47478e+165,1,790
2.38624e+165,1.47478e+165,2.38624e+165,1,791
3.86101e+165,2.38624e+165,3.86101e+165,1,792
6.24725e+165,3.86101e+165,6.24725e+165,1,793
1.01083e+166,6.24725e+165,1.01083e+166,1,794
1.63555e+166,1.01083e+166,1.63555e+166,1,795
2.64638e+166,1.63555e+166,2.64638e+166,1,796
4.28193e+166,2.64638e+166,4.28193e+166,1,797
6.92831e+166,4.28193e+166,6.92831e+166,1,798
1.12102e+167,6.92831e+166,1.12102e+167,1,799
1.81385e+167,1.12102e+167,1.81385e+167,1,800
2.93488e+167,1.81385e+167,2.93488e+167,1,801
4.74873e+167,2.93488e+167,4.74873e+167,1,802
7.68361e+167,4.74873e+167,7.68361e+167,1,803
1.24323e+168,7.68361e+167,1.24323e+168,1,804
2.0116e+168,1.24323e+168,2.0116e+168,1,805
3.25483e+168,2.0116e+168,3.25483e+168,1,806
5.26643e+168,3.25483e+168,5.26643e+168,1,807
8.52126e+168,5.26643e+168,8.52126e+168,1,808
1.37877e+169,8.52126e+168,1.37877e+169,1,809
2.23089e+169,1.37877e+169,2.23089e+169,1,810
3.60966e+169,2.23089e+169,3.60966e+169,1,811
5.84056e+169,3.60966e+169,5.84056e+169,1,812
9.45022e+169,5.84056e+169,9.45022e+169,1,813
1.52908e+170,9.45022e+169,1.52908e+170,1,814
2.4741e+170,1.52908e+170,2.4741e+170,1,815
4.00318e+170,2.4741e+170,4.00318e+170,1,816
6.47728e+170,4.00318e+170,6.47728e+170,1,817
1.04805e+171,6.47728e+170,1.04805e+171,1,818
1.69577e+171,1.04805e+171,1.69577e+171,1,819
2.74382e+171,1.69577e+171,2.74382e+171,1,820
4.43959e+171,2.74382e+171,4.43959e+171,1,821
7.18341e+171,4.43959e+171,7.18341e+171,1,822
1.1623e+172,7.18341e+171,1.1623e+172,1,823
1.88064e+172,1.1623e+172,1.88064e+172,1,824
3.04294e+172,1.88064e+172,3.04294e+172,1,825
4.92358e+172,3.04294e+172,4.92358e+172,1,826
7.96652e+172,4.92358e+172,7.96652e+172,1,827
1.28901e+173,7.96652e+172,1.28901e+173,1,828
2.08566e+173,1.28901e+173,2.08566e+173,1,829
3.37467e+173,2.08566e+173,3.37467e+173,1,830
5.46034e+173,3.37467e+173,5.46034e+173,1,831
8.83501e+173,5.46034e+173,8.83501e+173,1,832
1.42953e+174,8.83501e+173,1.42953e+174,1,833
2.31304e+174,1.42953e+174,2.31304e+174,1,834
3.74257e+174,2.31304e+174,3.74257e+174,1,835
6.0556e+174,3.74257e+174,6.0556e+174,1,836
9.79817e+174,6.0556e+174,9.79817e+174,1,837
1.58538e+175,9.79817e+174,1.58538e+175,1,838
2.5652e+175,1.58538e+175,2.5652e+175,1,839
4.15057e+175,2.5652e+175,4.15057e+175,1,840
6.71577e+175,4.15057e+175,6.71577e+175,1,841
1.08663e+176,6.71577e+175,1.08663e+176,1,842
1.75821e+176,1.08663e+176,1.75821e+176,1,843
2.84485e+176,1.75821e+176,2.84485e+176,1,844
4.60306e+176,2.84485e+176,4.60306e+176,1,845
7.4479e+176,4.60306e+176,7.4479e+176,1,846
1.2051e+177,7.4479e+176,1.2051e+177,1,847
1.94989e+177,1.2051e+177,1.94989e+177,1,848
3.15498e+177,1.94989e+177,3.15498e+177,1,849
5.10487e+177,3.15498e+177,5.10487e+177,1,850
8.25985e+177,5.10487e+177,8.25985e+177,1,851
1.33647e+178,8.25985e+177,1.33647e+178,1,852
2.16246e+178,1.33647e+178,2.16246e+178,1,853
3.49893e+178,2.16246e+178,3.49893e+178,1,854
5.66139e+178,3.49893e+178,5.66139e+178,1,855
9.16031e+178,5.66139e+178,9.16031e+178,1,856
1.48217e+179,9.16031e+178,1.48217e+179,1,857
2.3982e+179,1.48217e+179,2.3982e+179,1,858
3.88037e+179,2.3982e+179,3.88037e+179,1,859
6.27857e+179,3.88037e+179,6.27857e+179,1,860
1.01589e+180,6.27857e+179,1.01589e+180,1,861
1.64375e+180,1.01589e+180,1.64375e+180,1,862
2.65965e+180,1.64375e+180,2.65965e+180,1,863
4.3034e+180,2.65965e+180,4.3034e+180,1,864
6.96304e+180,4.3034e+180,6.96304e+180,1,865
1.12664e+181,6.96304e+180,1.12664e+181,1,866
1.82295e+181,1.12664e+181,1.82295e+181,1,867
2.94959e+181,1.82295e+181,2.94959e+181,1,868
4.77254e+181,2.94959e+181,4.77254e+181,1,869
7.72213e+181,4.77254e+181,7.72213e+181,1,870
1.24947e+182,7.72213e+181,1.24947e+182,1,871
2.02168e+182,1.24947e+182,2.02168e+182,1,872
3.27115e+182,2.02168e+182,3.27115e+182,1,873
5.29283e+182,3.27115e+182,5.29283e+182,1,874
8.56398e+182,5.29283e+182,8.56398e+182,1,875
1.38568e+183,8.56398e+182,1.38568e+183,1,876
2.24208e+183,1.38568e+183,2.24208e+183,1,877
3.62776e+183,2.24208e+183,3.62776e+183,1,878
5.86984e+183,3.62776e+183,5.86984e+183,1,879
9.4976e+183,5.86984e+183,9.4976e+183,1,880
1.53674e+184,9.4976e+183,1.53674e+184,1,881
2.4865e+184,1.53674e+184,2.4865e+184,1,882
4.02325e+184,2.4865e+184,4.02325e+184,1,883
6.50975e+184,4.02325e+184,6.50975e+184,1,884
1.0533e+185,6.50975e+184,1.0533e+185,1,885
1.70427e+185,1.0533e+185,1.70427e+185,1,886
2.75757e+185,1.70427e+185,2.75757e+185,1,887
4.46185e+185,2.75757e+185,4.46185e+185,1,888
7.21942e+185,4.46185e+185,7.21942e+185,1,889
1.16813e+186,7.21942e+185,1.16813e+186,1,890
1.89007e+186,1.16813e+186,1.89007e+186,1,891
3.0582e+186,1.89007e+186,3.0582e+186,1,892
4.94827e+186,3.0582e+186,4.94827e+186,1,893
8.00646e+186,4.94827e+186,8.00646e+186,1,894
1.29547e+187,8.00646e+186,1.29547e+187,1,895
2.09612e+187,1.29547e+187,2.09612e+187,1,896
3.39159e+187,2.09612e+187,3.39159e+187,1,897
5.48771e+187,3.39159e+187,5.48771e+187,1,898
8.8793e+187,5.48771e+187,8.8793e+187,1,899
1.4367e+188,8.8793e+187,1.4367e+188,1,900
2.32463e+188,1.4367e+188,2.32463e+188,1,901
3.76133e+188,2.32463e+188,3.76133e+188,1,902
6.08596e+188,3.76133e+188,6.08596e+188,1,903
9.8473e+188,6.08596e+188,9.8473e+188,1,904
1.59333e+189,9.8473e+188,1.59333e+189,1,905
2.57806e+189,1.59333e+189,2.57806e+189,1,906
4.17138e+189,2.57806e+189,4.17138e+189,1,907
6.74944e+189,4.17138e+189,6.74944e+189,1,908
1.09208e+190,6.74944e+189,1.09208e+190,1,909
1.76703e+190,1.09208e+190,1.76703e+190,1,910
2.85911e+190,1.76703e+190,2.85911e+190,1,911
4.62613e+190,2.85911e+190,4.62613e+190,1,912
7.48524e+190,4.62613e+190,7.48524e+190,1,913
1.21114e+191,7.48524e+190,1.21114e+191,1,914
1.95966e+191,1.21114e+191,1.95966e+191,1,915
3.1708e+191,1.95966e+191,3.1708e+191,1,916
5.13046e+191,3.1708e+191,5.13046e+191,1,917
8.30126e+191,5.13046e+191,8.30126e+191,1,918
1.34317e+192,8.30126e+191,1.34317e+192,1,919
2.1733e+192,1.34317e+192,2.1733e+192,1,920
3.51647e+192,2.1733e+192,3.51647e+192,1,921
5.68977e+192,3.51647e+192,5.68977e+192,1,922
9.20624e+192,5.68977e+192,9.20624e+192,1,923
1.4896e+193,9.20624e+192,1.4896e+193,1,924
2.41022e+193,1.4896e+193,2.41022e+193,1,925
3.89983e+193,2.41022e+193,3.89983e+193,1,926
6.31005e+193,3.89983e+193,6.31005e+193,1,927
1.02099e+194,6.31005e+193,1.02099e+194,1,928
1.65199e+194,1.02099e+194,1.65199e+194,1,929
2.67298e+194,1.65199e+194,2.67298e+194,1,930
4.32497e+194,2.67298e+194,4.32497e+194,1,931
6.99795e+194,4.32497e+194,6.99795e+194,1,932
1.13229e+195,6.99795e+194,1.13229e+195,1,933
1.83209e+195,1.13229e+195,1.83209e+195,1,934
2.96438e+195,1.83209e+195,2.96438e+195,1,935
4.79647e+195,2.96438e+195,4.79647e+195,1,936
7.76085e+195,4.79647e+195,7.76085e+195,1,937
1.25573e+196,7.76085e+195,1.25573e+196,1,938
2.03182e+196,1.25573e+196,2.03182e+196,1,939
3.28755e+196,2.03182e+196,3.28755e+196,1,940
5.31936e+196,3.28755e+196,5.31936e+196,1,941
8.60691e+196,5.31936e+196,8.60691e+196,1,942
1.39263e+197,8.60691e+196,1.39263e+197,1,943
2.25332e+197,1.39263e+197,2.25332e+197,1,944
3.64595e+197,2.25332e+197,3.64595e+197,1,945
5.89927e+197,3.64595e+197,5.89927e+197,1,946
9.54521e+197,5.89927e+197,9.54521e+197,1,947
1.54445e+198,9.54521e+197,1.54445e+198,1,948
2.49897e+198,1.54445e+198,2.49897e+198,1,949
4.04342e+198,2.49897e+198,4.04342e+198,1,950
6.54239e+198,4.04342e+198,6.54239e+198,1,951
1.05858e+199,6.54239e+198,1.05858e+199,1,952
1.71282e+199,1.05858e+199,1.71282e+199,1,953
2.7714e+199,1.71282e+199,2.7714e+199,1,954
4.48422e+199,2.7714e+199,4.48422e+199,1,955
7.25562e+199,4.48422e+199,7.25562e+199,1,956
1.17398e+200,7.25562e+199,1.17398e+200,1,957
1.89955e+200,1.17398e+200,1.89955e+200,1,958
3.07353e+200,1.89955e+200,3.07353e+200,1,959
4.97307e+200,3.07353e+200,4.97307e+200,1,960
8.0466e+200,4.97307e+200,8.0466e+200,1,961
1.30197e+201,8.0466e+200,1.30197e+201,1,962
2.10663e+201,1.30197e+201,2.10663e+201,1,963
3.4086e+201,2.10663e+201,3.4086e+201,1,964
5.51522e+201,3.4086e+201,5.51522e+201,1,965
8.92382e+201,5.51522e+201,8.92382e+201,1,966
1.4439e+202,8.92382e+201,1.4439e+202,1,967
2.33629e+202,1.4439e+202,2.33629e+202,1,968
3.78019e+202,2.33629e+202,3.78019e+202,1,969
6.11648e+202,3.78019e+202,6.11648e+202,1,970
9.89667e+202,6.11648e+202,9.89667e+202,1,971
1.60131e+203,9.89667e+202,1.60131e+203,1,972
2.59098e+203,1.60131e+203,2.59098e+203,1,973
4.1923e+203,2.59098e+203,4.1923e+203,1,974
6.78328e+203,4.1923e+203,6.78328e+203,1,975
1.09756e+204,6.78328e+203,1.09756e+204,1,976
1.77588e+204,1.09756e+204,1.77588e+204,1,977
2.87344e+204,1.77588e+204,2.87344e+204,1,978
4.64933e+204,2.87344e+204,4.64933e+204,1,979
7.52277e+204,4.64933e+204,7.52277e+204,1,980
1.21721e+205,7.52277e+204,1.21721e+205,1,981
1.96949e+205,1.21721e+205,1.96949e+205,1,982
3.1867e+205,1.96949e+205,3.1867e+205,1,983
5.15618e+205,3.1867e+205,5.15618e+205,1,984
8.34288e+205,5.15618e+205,8.34288e+205,1,985
1.34991e+206,8.34288e+205,1.34991e+206,1,986
2.18419e+206,1.34991e+206,2.18419e+206,1,987
3.5341e+206,2.18419e+206,3.5341e+206,1,988
5.71829e+206,3.5341e+206,5.71829e+206,1,989
9.25239e+206,5.71829e+206,9.25239e+206,1,990
1.49707e+207,9.25239e+206,1.49707e+207,1,991
2.42231e+207,1.49707e+207,2.42231e+207,1,992
3.91938e+207,2.42231e+207,3.91938e+207,1,993
6.34169e+207,3.91938e+207,6.34169e+207,1,994
1.02611e+208,6.34169e+207,1.02611e+208,1,995
1.66027e+208,1.02611e+208,1.66027e+208,1,996
2.68638e+208,1.66027e+208,2.68638e+208,1,997
4.34666e+208,2.68638e+208,4.34666e+208,1,998
7.03304e+208,4.34666e+208,7.03304e+208,1,999
1.13797e+209,7.03304e+208,1.13797e+209,1,1000
1.84127e+209,1.13797e+209,1.84127e+209,1,1001
2.97924e+209,1.84127e+209,2.97924e+209,1,1002
4.82052e+209,2.97924e+209,4.82052e+209,1,1003
7.79976e+209,4.82052e+209,7.79976e+209,1,1004
1.26203e+210,7.79976e+209,1.26203e+210,1,1005
2.042e+210,1.26203e+210,2.042e+210,1,1006
3.30403e+210,2.042e+210,3.30403e+210,1,1007
5.34603e+210,3.30403e+210,5.34603e+210,1,1008
8.65006e+210,5.34603e+210,8.65006e+210,1,1009
1.39961e+211,8.65006e+210,1.39961e+211,1,1010
2.26462e+211,1.39961e+211,2.26462e+211,1,1011
3.66423e+211,2.26462e+211,3.66423e+211,1,1012
5.92884e+211,3.66423e+211,5.92884e+211,1,1013
9.59307e+211,5.92884e+211,9.59307e+211,1,1014
1.55219e+212,9.59307e+211,1.55219e+212,1,1015
2.5115e+212,1.55219e+212,2.5115e+212,1,1016
4.06369e+212,2.5115e+212,4.06369e+212,1,1017
6.57519e+212,4.06369e+212,6.57519e+212,1,1018
1.06389e+213,6.57519e+212,1.06389e+213,1,1019
1.72141e+213,1.06389e+213,1.72141e+213,1,1020
2.78529e+213,1.72141e+213,2.78529e+213,1,1021
4.5067e+213,2.78529e+213,4.5067e+213,1,1022
7.29199e+213,4.5067e+213,7.29199e+213,1,1023
1.17987e+214,7.29199e+213,1.17987e+214,1,1024
1.90907e+214,1.17987e+214,1.90907e+214,1,1025
3.08894e+214,1.90907e+214,3.08894e+214,1,1026
4.99801e+214,3.08894e+214,4.99801e+214,1,1027
8.08694e+214,4.99801e+214,8.08694e+214,1,1028
1.3085e+215,8.08694e+214,1.3085e+215,1,1029
2.11719e+215,1.3085e+215,2.11719e+215,1,1030
3.42568e+215,2.11719e+215,3.42568e+215,1,1031
5.54287e+215,3.42568e+215,5.54287e+215,1,1032
8.96856e+215,5.54287e+215,8.96856e+215,1,1033
1.45114e+216,8.96856e+215,1.45114e+216,1,1034
2.348e+216,1.45114e+216,2.348e+216,1,1035
3.79914e+216,2.348e+216,3.79914e+216,1,1036
6.14714e+216,3.79914e+216,6.14714e+216,1,1037
9.94628e+216,6.14714e+216,9.94628e+216,1,1038
1.60934e+217,9.94628e+216,1.60934e+217,1,1039
2.60397e+217,1.60934e+217,2.60397e+217,1,1040
4.21331e+217,2.60397e+217,4.21331e+217,1,1041
6.81728e+217,4.21331e+217,6.81728e+217,1,1042
1.10306e+218,6.81728e+217,1.10306e+218,1,1043
1.78479e+218,1.10306e+218,1.78479e+218,1,1044
2.88785e+218,1.78479e+218,2.88785e+218,1,1045
4.67264e+218,2.88785e+218,4.67264e+218,1,1046
7.56048e+218,4.67264e+218,7.56048e+218,1,1047
1.22331e+219,7.56048e+218,1.22331e+219,1,1048
1.97936e+219,1.22331e+219,1.97936e+219,1,1049
3.20267e+219,1.97936e+219,3.20267e+219,1,1050
5.18203e+219,3.20267e+219,5.18203e+219,1,1051
8.38471e+219,5.18203e+219,8.38471e+219,1,1052
1.35667e+220,8.38471e+219,1.35667e+220,1,1053
2.19514e+220,1.35667e+220,2.19514e+220,1,1054
3.55182e+220,2.19514e+220,3.55182e+220,1,1055
5.74696e+220,3.55182e+220,5.74696e+220,1,1056
9.29878e+220,5.74696e+220,9.29878e+220,1,1057
1.50457e+221,9.29878e+220,1.50457e+221,1,1058
2.43445e+221,1.50457e+221,2.43445e+221,1,1059
3.93903e+221,2.43445e+221,3.93903e+221,1,1060
6.37348e+221,3.93903e+221,6.37348e+221,1,1061
1.03125e+222,6.37348e+221,1.03125e+222,1,1062
1.6686e+222,1.03125e+222,1.6686e+222,1,1063
2.69985e+222,1.6686e+222,2.69985e+222,1,1064
4.36845e+222,2.69985e+222,4.36845e+222,1,1065
7.0683e+222,4.36845e+222,7.0683e+222,1,1066
1.14367e+223,7.0683e+222,1.14367e+223,1,1067
1.8505e+223,1.14367e+223,1.8505e+223,1,1068
2.99418e+223,1.8505e+223,2.99418e+223,1,1069
4.84468e+223,2.99418e+223,4.84468e+223,1,1070
7.83886e+223,4.84468e+223,7.83886e+223,1,1071
1.26835e+224,7.83886e+223,1.26835e+224,1,1072
2.05224e+224,1.26835e+224,2.05224e+224,1,1073
3.32059e+224,2.05224e+224,3.32059e+224,1,1074
5.37284e+224,3.32059e+224,5.37284e+224,1,1075
8.69343e+224,5.37284e+224,8.69343e+224,1,1076
1.40663e+225,8.69343e+224,1.40663e+225,1,1077
2.27597e+225,1.40663e+225,2.27597e+225,1,1078
3.6826e+225,2.27597e+225,3.6826e+225,1,1079
5.95857e+225,3.6826e+225,5.95857e+225,1,1080
9.64116e+225,5.95857e+225,9.64116e+225,1,1081
1.55997e+226,9.64116e+225,1.55997e+226,1,1082
2.52409e+226,1.55997e+226,2.52409e+226,1,1083
4.08406e+226,2.52409e+226,4.08406e+226,1,1084
6.60815e+226,4.08406e+226,6.60815e+226,1,1085
1.06922e+227,6.60815e+226,1.06922e+227,1,1086
1.73004e+227,1.06922e+227,1.73004e+227,1,1087
2.79926e+227,1.73004e+227,2.79926e+227,1,1088
4.52929e+227,2.79926e+227,4.52929e+227,1,1089
7.32855e+227,4.52929e+227,7.32855e+227,1,1090
1.18578e+228,7.32855e+227,1.18578e+228,1,1091
1.91864e+228,1.18578e+228,1.91864e+228,1,1092
3.10442e+228,1.91864e+228,3.10442e+228,1,1093
5.02306e+228,3.10442e+228,5.02306e+228,1,1094
8.12749e+228,5.02306e+228,8.12749e+228,1,1095
1.31506e+229,8.12749e+228,1.31506e+229,1,1096
2.1278e+229,1.31506e+229,2.1278e+229,1,1097
3.44286e+229,2.1278e+229,3.44286e+229,1,1098
5.57066e+229,3.44286e+229,5.57066e+229,1,1099
9.01352e+229,5.57066e+229,9.01352e+229,1,1100
1.45842e+230,9.01352e+229,1.45842e+230,1,1101
2.35977e+230,1.45842e+230,2.35977e+230,1,1102
3.81819e+230,2.35977e+230,3.81819e+230,1,1103
6.17796e+230,3.81819e+230,6.17796e+230,1,1104
9.99615e+230,6.17796e+230,9.99615e+230,1,1105
1.61741e+231,9.99615e+230,1.61741e+231,1,1106
2.61703e+231,1.61741e+231,2.61703e+231,1,1107
4.23444e+231,2.61703e+231,4.23444e+231,1,1108
6.85146e+231,4.23444e+231,6.85146e+231,1,1109
1.10859e+232,6.85146e+231,1.10859e+232,1,1110
1.79374e+232,1.10859e+232,1.79374e+232,1,1111
2.90233e+232,1.79374e+232,2.90233e+232,1,1112
4.69606e+232,2.90233e+232,4.69606e+232,1,1113
7.59839e+232,4.69606e+232,7.59839e+232,1,1114
1.22945e+233,7.59839e+232,1.22945e+233,1,1115
1.98928e+233,1.22945e+233,1.98928e+233,1,1116
3.21873e+233,1.98928e+233,3.21873e+233,1,1117
5.20801e+233,3.21873e+233,5.20801e+233,1,1118
8.42674e+233,5.20801e+233,8.42674e+233,1,1119
1.36348e+234,8.42674e+233,1.36348e+234,1,1120
2.20615e+234,1.36348e+234,2.20615e+234,1,1121
3.56963e+234,2.20615e+234,3.56963e+234,1,1122
5.77578e+234,3.56963e+234,5.77578e+234,1,1123
9.3454e+234,5.77578e+234,9.3454e+234,1,1124
1.51212e+235,9.3454e+234,1.51212e+235,1,1125
2.44666e+235,1.51212e+235,2.44666e+235,1,1126
3.95878e+235,2.44666e+235,3.95878e+235,1,1127
6.40543e+235,3.95878e+235,6.40543e+235,1,1128
1.03642e+236,6.40543e+235,1.03642e+236,1,1129
1.67696e+236,1.03642e+236,1.67696e+236,1,1130
2.71338e+236,1.67696e+236,2.71338e+236,1,1131
4.39035e+236,2.71338e+236,4.39035e+236,1,1132
7.10373e+236,4.39035e+236,7.10373e+236,1,1133
1.14941e+237,7.10373e+236,1.14941e+237,1,1134
1.85978e+237,1.14941e+237,1.85978e+237,1,1135
3.00919e+237,1.85978e+237,3.00919e+237,1,1136
4.86897e+237,3.00919e+237,4.86897e+237,1,1137
7.87816e+237,4.86897e+237,7.87816e+237,1,1138
1.27471e+238,7.87816e+237,1.27471e+238,1,1139
2.06253e+238,1.27471e+238,2.06253e+238,1,1140
3.33724e+238,2.06253e+238,3.33724e+238,1,1141
5.39977e+238,3.33724e+238,5.39977e+238,1,1142
8.73702e+238,5.39977e+238,8.73702e+238,1,1143
1.41368e+239,8.73702e+238,1.41368e+239,1,1144
2.28738e+239,1.41368e+239,2.28738e+239,1,1145
3.70106e+239,2.28738e+239,3.70106e+239,1,1146
5.98844e+239,3.70106e+239,5.98844e+239,1,1147
9.6895e+239,5.98844e+239,9.6895e+239,1,1148
1.56779e+240,9.6895e+239,1.56779e+240,1,1149
2.53674e+240,1.56779e+240,2.53674e+240,1,1150
4.10454e+240,2.53674e+240,4.10454e+240,1,1151
6.64128e+240,4.10454e+240,6.64128e+240,1,1152
1.07458e+241,6.64128e+240,1.07458e+241,1,1153
1.73871e+241,1.07458e+241,1.73871e+241,1,1154
2.81329e+241,1.73871e+241,2.81329e+241,1,1155
4.552e+241,2.81329e+241,4.552e+241,1,1156
7.36529e+241,4.552e+241,7.36529e+241,1,1157
1.19173e+242,7.36529e+241,1.19173e+242,1,1158
1.92826e+242,1.19173e+242,1.92826e+242,1,1159
3.11999e+242,1.92826e+242,3.11999e+242,1,1160
5.04825e+242,3.11999e+242,5.04825e+242,1,1161
8.16824e+242,5.04825e+242,8.16824e+242,1,1162
1.32165e+243,8.16824e+242,1.32165e+243,1,1163
2.13847e+243,1.32165e+243,2.13847e+243,1,1164
3.46012e+243,2.13847e+243,3.46012e+243,1,1165
5.59859e+243,3.46012e+243,5.59859e+243,1,1166
9.05871e+243,5.59859e+243,9.05871e+243,1,1167
1.46573e+244,9.05871e+243,1.46573e+244,1,1168
2.3716e+244,1.46573e+244,2.3716e+244,1,1169
3.83733e+244,2.3716e+244,3.83733e+244,1,1170
6.20893e+244,3.83733e+244,6.20893e+244,1,1171
1.00463e+245,6.20893e+244,1.00463e+245,1,1172
1.62552e+245,1.00463e+245,1.62552e+245,1,1173
2.63015e+245,1.62552e+245,2.63015e+245,1,1174
4.25567e+245,2.63015e+245,4.25567e+245,1,1175
6.88581e+245,4.25567e+245,6.88581e+245,1,1176
1.11415e+246,6.88581e+245,1.11415e+246,1,1177
1.80273e+246,1.11415e+246,1.80273e+246,1,1178
2.91688e+246,1.80273e+246,2.91688e+246,1,1179
4.71961e+246,2.91688e+246,4.71961e+246,1,1180
7.63648e+246,4.71961e+246,7.63648e+246,1,1181
1.23561e+247,7.63648e+246,1.23561e+247,1,1182
1.99926e+247,1.23561e+247,1.99926e+247,1,1183
3.23487e+247,1.99926e+247,3.23487e+247,1,1184
5.23412e+247,3.23487e+247,5.23412e+247,1,1185
8.46899e+247,5.23412e+247,8.46899e+247,1,1186
1.37031e+248,8.46899e+247,1.37031e+248,1,1187
2.21721e+248,1.37031e+248,2.21721e+248,1,1188
3.58752e+248,2.21721e+248,3.58752e+248,1,1189
5.80473e+248,3.58752e+248,5.80473e+248,1,1190
9.39225e+248,5.80473e+248,9.39225e+248,1,1191
1.5197e+249,9.39225e+248,1.5197e+249,1,1192
2.45892e+249,1.5197e+249,2.45892e+249,1,1193
3.97862e+249,2.45892e+249,3.97862e+249,1,1194
6.43755e+249,3.97862e+249,6.43755e+249,1,1195
1.04162e+250,6.43755e+249,1.04162e+250,1,1196
1.68537e+250,1.04162e+250,1.68537e+250,1,1197
2.72699e+250,1.68537e+250,2.72699e+250,1,1198
4.41236e+250,2.72699e+250,4.41236e+250,1,1199
7.13935e+250,4.41236e+250,7.13935e+250,1,1200
1.15517e+251,7.13935e+250,1.15517e+251,1,1201
1.86911e+251,1.15517e+251,1.86911e+251,1,1202
3.02428e+251,1.86911e+251,3.02428e+251,1,1203
4.89338e+251,3.02428e+251,4.89338e+251,1,1204
7.91766e+251,4.89338e+251,7.91766e+251,1,1205
1.2811e+252,7.91766e+251,1.2811e+252,1,1206
2.07287e+252,1.2811e+252,2.07287e+252,1,1207
3.35397e+252,2.07287e+252,3.35397e+252,1,1208
5.42684e+252,3.35397e+252,5.42684e+252,1,1209
8.78082e+252,5.42684e+252,8.78082e+252,1,1210
1.42077e+253,8.78082e+252,1.42077e+253,1,1211
2.29885e+253,1.42077e+253,2.29885e+253,1,1212
3.71961e+253,2.29885e+253,3.71961e+253,1,1213
6.01846e+253,3.71961e+253,6.01846e+253,1,1214
9.73808e+253,6.01846e+253,9.73808e+253,1,1215
1.57565e+254,9.73808e+253,1.57565e+254,1,1216
2.54946e+254,1.57565e+254,2.54946e+254,1,1217
4.12512e+254,2.54946e+254,4.12512e+254,1,1218
6.67458e+254,4.12512e+254,6.67458e+254,1,1219
1.07997e+255,6.67458e+254,1.07997e+255,1,1220
1.74743e+255,1.07997e+255,1.74743e+255,1,1221
2.8274e+255,1.74743e+255,2.8274e+255,1,1222
4.57482e+255,2.8274e+255,4.57482e+255,1,1223
7.40222e+255,4.57482e+255,7.40222e+255,1,1224
1.1977e+256,7.40222e+255,1.1977e+256,1,1225
1.93793e+256,1.1977e+256,1.93793e+256,1,1226
3.13563e+256,1.93793e+256,3.13563e+256,1,1227
5.07356e+256,3.13563e+256,5.07356e+256,1,1228
8.20919e+256,5.07356e+256,8.20919e+256,1,1229
1.32827e+257,8.20919e+256,1.32827e+257,1,1230
2.14919e+257,1.32827e+257,2.14919e+257,1,1231
3.47747e+257,2.14919e+257,3.47747e+257,1,1232
5.62666e+257,3.47747e+257,5.62666e+257,1,1233
9.10413e+257,5.62666e+257,9.10413e+257,1,1234
1.47308e+258,9.10413e+257,1.47308e+258,1,1235
2.38349e+258,1.47308e+258,2.38349e+258,1,1236
3.85657e+258,2.38349e+258,3.85657e+258,1,1237
6.24006e+258,3.85657e+258,6.24006e+258,1,1238
1.00966e+259,6.24006e+258,1.00966e+259,1,1239
1.63367e+259,1.00966e+259,1.63367e+259,1,1240
2.64333e+259,1.63367e+259,2.64333e+259,1,1241
4.277e+259,2.64333e+259,4.277e+259,1,1242
6.92033e+259,4.277e+259,6.92033e+259,1,1243
1.11973e+260,6.92033e+259,1.11973e+260,1,1244
1.81177e+260,1.11973e+260,1.81177e+260,1,1245
2.9315e+260,1.81177e+260,2.9315e+260,1,1246
4.74327e+260,2.9315e+260,4.74327e+260,1,1247
7.67477e+260,4.74327e+260,7.67477e+260,1,1248
1.2418e+261,7.67477e+260,1.2418e+261,1,1249
2.00928e+261,1.2418e+261,2.00928e+261,1,1250
3.25108e+261,2.00928e+261,3.25108e+261,1,1251
5.26036e+261,3.25108e+261,5.26036e+261,1,1252
8.51145e+261,5.26036e+261,8.51145e+261,1,1253
1.37718e+262,8.51145e+261,1.37718e+262,1,1254
2.22833e+262,1.37718e+262,2.22833e+262,1,1255
3.60551e+262,2.22833e+262,3.60551e+262,1,1256
5.83383e+262,3.60551e+262,5.83383e+262,1,1257
9.43934e+262,5.83383e+262,9.43934e+262,1,1258
1.52732e+263,9.43934e+262,1.52732e+263,1,1259
2.47125e+263,1.52732e+263,2.47125e+263,1,1260
3.99857e+263,2.47125e+263,3.99857e+263,1,1261
6.46982e+263,3.99857e+263,6.46982e+263,1,1262
1.04684e+264,6.46982e+263,1.04684e+264,1,1263
1.69382e+264,1.04684e+264,1.69382e+264,1,1264
2.74066e+264,1.69382e+264,2.74066e+264,1,1265
4.43448e+264,2.74066e+264,4.43448e+264,1,1266
7.17514e+264,4.43448e+264,7.17514e+264,1,1267
1.16096e+265,7.17514e+264,1.16096e+265,1,1268
1.87848e+265,1.16096e+265,1.87848e+265,1,1269
3.03944e+265,1.87848e+265,3.03944e+265,1,1270
4.91792e+265,3.03944e+265,4.91792e+265,1,1271
7.95735e+265,4.91792e+265,7.95735e+265,1,1272
1.28753e+266,7.95735e+265,1.28753e+266,1,1273
2.08326e+266,1.28753e+266,2.08326e+266,1,1274
3.37079e+266,2.08326e+266,3.37079e+266,1,1275
5.45405e+266,3.37079e+266,5.45405e+266,1,1276
8.82484e+266,5.45405e+266,8.82484e+266,1,1277
1.42789e+267,8.82484e+266,1.42789e+267,1,1278
2.31037e+267,1.42789e+267,2.31037e+267,1,1279
3.73826e+267,2.31037e+267,3.73826e+267,1,1280
6.04864e+267,3.73826e+267,6.04864e+267,1,1281
9.7869e+267,6.04864e+267,9.7869e+267,1,1282
1.58355e+268,9.7869e+267,1.58355e+268,1,1283
2.56224e+268,1.58355e+268,2.56224e+268,1,1284
4.1458e+268,2.56224e+268,4.1458e+268,1,1285
6.70804e+268,4.1458e+268,6.70804e+268,1,1286
1.08538e+269,6.70804e+268,1.08538e+269,1,1287
1.75619e+269,1.08538e+269,1.75619e+269,1,1288
2.84157e+269,1.75619e+269,2.84157e+269,1,1289
4.59776e+269,2.84157e+269,4.59776e+269,1,1290
7.43933e+269,4.59776e+269,7.43933e+269,1,1291
1.20371e+270,7.43933e+269,1.20371e+270,1,1292
1.94764e+270,1.20371e+270,1.94764e+270,1,1293
3.15135e+270,1.94764e+270,3.15135e+270,1,1294
5.09899e+270,3.15135e+270,5.09899e+270,1,1295
8.25034e+270,5.09899e+270,8.25034e+270,1,1296
1.33493e+271,8.25034e+270,1.33493e+271,1,1297
2.15997e+271,1.33493e+271,2.15997e+271,1,1298
3.4949e+271,2.15997e+271,3.4949e+271,1,1299
5.65487e+271,3.4949e+271,5.65487e+271,1,1300
9.14977e+271,5.65487e+271,9.14977e+271,1,1301
1.48046e+272,9.14977e+271,1.48046e+272,1,1302
2.39544e+272,1.48046e+272,2.39544e+272,1,1303
3.87591e+272,2.39544e+272,3.87591e+272,1,1304
6.27135e+272,3.87591e+272,6.27135e+272,1,1305
1.01473e+273,6.27135e+272,1.01473e+273,1,1306
1.64186e+273,1.01473e+273,1.64186e+273,1,1307
2.65659e+273,1.64186e+273,2.65659e+273,1,1308
4.29844e+273,2.65659e+273,4.29844e+273,1,1309
6.95503e+273,4.29844e+273,6.95503e+273,1,1310
1.12535e+274,6.95503e+273,1.12535e+274,1,1311
1.82085e+274,1.12535e+274,1.82085e+274,1,1312
2.9462e+274,1.82085e+274,2.9462e+274,1,1313
4.76705e+274,2.9462e+274,4.76705e+274,1,1314
7.71325e+274,4.76705e+274,7.71325e+274,1,1315
1.24803e+275,7.71325e+274,1.24803e+275,1,1316
2.01935e+275,1.24803e+275,2.01935e+275,1,1317
3.26738e+275,2.01935e+275,3.26738e+275,1,1318
5.28674e+275,3.26738e+275,5.28674e+275,1,1319
8.55412e+275,5.28674e+275,8.55412e+275,1,1320
1.38409e+276,8.55412e+275,1.38409e+276,1,1321
2.2395e+276,1.38409e+276,2.2395e+276,1,1322
3.62358e+276,2.2395e+276,3.62358e+276,1,1323
5.86308e+276,3.62358e+276,5.86308e+276,1,1324
9.48667e+276,5.86308e+276,9.48667e+276,1,1325
1.53497e+277,9.48667e+276,1.53497e+277,1,1326
2.48364e+277,1.53497e+277,2.48364e+277,1,1327
4.01862e+277,2.48364e+277,4.01862e+277,1,1328
6.50226e+277,4.01862e+277,6.50226e+277,1,1329
1.05209e+278,6.50226e+277,1.05209e+278,1,1330
1.70231e+278,1.05209e+278,1.70231e+278,1,1331
2.7544e+278,1.70231e+278,2.7544e+278,1,1332
4.45671e+278,2.7544e+278,4.45671e+278,1,1333
7.21111e+278,4.45671e+278,7.21111e+278,1,1334
1.16678e+279,7.21111e+278,1.16678e+279,1,1335
1.88789e+279,1.16678e+279,1.88789e+279,1,1336
3.05468e+279,1.88789e+279,3.05468e+279,1,1337
4.94257e+279,3.05468e+279,4.94257e+279,1,1338
7.99725e+279,4.94257e+279,7.99725e+279,1,1339
1.29398e+280,7.99725e+279,1.29398e+280,1,1340
2.09371e+280,1.29398e+280,2.09371e+280,1,1341
3.38769e+280,2.09371e+280,3.38769e+280,1,1342
5.4814e+280,3.38769e+280,5.4814e+280,1,1343
8.86908e+280,5.4814e+280,8.86908e+280,1,1344
1.43505e+281,8.86908e+280,1.43505e+281,1,1345
2.32196e+281,1.43505e+281,2.32196e+281,1,1346
3.757e+281,2.32196e+281,3.757e+281,1,1347
6.07896e+281,3.757e+281,6.07896e+281,1,1348
9.83597e+281,6.07896e+281,9.83597e+281,1,1349
1.59149e+282,9.83597e+281,1.59149e+282,1,1350
2.57509e+282,1.59149e+282,2.57509e+282,1,1351
4.16658e+282,2.57509e+282,4.16658e+282,1,1352
6.74167e+282,4.16658e+282,6.74167e+282,1,1353
1.09083e+283,6.74167e+282,1.09083e+283,1,1354
1.76499e+283,1.09083e+283,1.76499e+283,1,1355
2.85582e+283,1.76499e+283,2.85582e+283,1,1356
4.62081e+283,2.85582e+283,4.62081e+283,1,1357
7.47663e+283,4.62081e+283,7.47663e+283,1,1358
1.20974e+284,7.47663e+283,1.20974e+284,1,1359
1.95741e+284,1.20974e+284,1.95741e+284,1,1360
3.16715e+284,1.95741e+284,3.16715e+284,1,1361
5.12456e+284,3.16715e+284,5.12456e+284,1,1362
8.29171e+284,5.12456e+284,8.29171e+284,1,1363
1.34163e+285,8.29171e+284,1.34163e+285,1,1364
2.1708e+285,1.34163e+285,2.1708e+285,1,1365
3.51242e+285,2.1708e+285,3.51242e+285,1,1366
5.68322e+285,3.51242e+285,5.68322e+285,1,1367
9.19564e+285,5.68322e+285,9.19564e+285,1,1368
1.48789e+286,9.19564e+285,1.48789e+286,1,1369
2.40745e+286,1.48789e+286,2.40745e+286,1,1370
3.89534e+286,2.40745e+286,3.89534e+286,1,1371
6.30279e+286,3.89534e+286,6.30279e+286,1,1372
1.01981e+287,6.30279e+286,1.01981e+287,1,1373
1.65009e+287,1.01981e+287,1.65009e+287,1,1374
2.6699e+287,1.65009e+287,2.6699e+287,1,1375
4.32e+287,2.6699e+287,4.32e+287,1,1376
6.9899e+287,4.32e+287,6.9899e+287,1,1377
1.13099e+288,6.9899e+287,1.13099e+288,1,1378
1.82998e+288,1.13099e+288,1.82998e+288,1,1379
2.96097e+288,1.82998e+288,2.96097e+288,1,1380
4.79095e+288,2.96097e+288,4.79095e+288,1,1381
7.75192e+288,4.79095e+288,7.75192e+288,1,1382
1.25429e+289,7.75192e+288,1.25429e+289,1,1383
2.02948e+289,1.25429e+289,2.02948e+289,1,1384
3.28376e+289,2.02948e+289,3.28376e+289,1,1385
5.31324e+289,3.28376e+289,5.31324e+289,1,1386
8.59701e+289,5.31324e+289,8.59701e+289,1,1387
1.39103e+290,8.59701e+289,1.39103e+290,1,1388
2.25073e+290,1.39103e+290,2.25073e+290,1,1389
3.64175e+290,2.25073e+290,3.64175e+290,1,1390
5.89248e+290,3.64175e+290,5.89248e+290,1,1391
9.53423e+290,5.89248e+290,9.53423e+290,1,1392
1.54267e+291,9.53423e+290,1.54267e+291,1,1393
2.49609e+291,1.54267e+291,2.49609e+291,1,1394
4.03876e+291,2.49609e+291,4.03876e+291,1,1395
6.53486e+291,4.03876e+291,6.53486e+291,1,1396
1.05736e+292,6.53486e+291,1.05736e+292,1,1397
1.71085e+292,1.05736e+292,1.71085e+292,1,1398
2.76821e+292,1.71085e+292,2.76821e+292,1,1399
4.47906e+292,2.76821e+292,4.47906e+292,1,1400
7.24727e+292,4.47906e+292,7.24727e+292,1,1401
1.17263e+293,7.24727e+292,1.17263e+293,1,1402
1.89736e+293,1.17263e+293,1.89736e+293,1,1403
3.06999e+293,1.89736e+293,3.06999e+293,1,1404
4.96735e+293,3.06999e+293,4.96735e+293,1,1405
8.03734e+293,4.96735e+293,8.03734e+293,1,1406
1.30047e+294,8.03734e+293,1.30047e+294,1,1407
2.1042e+294,1.30047e+294,2.1042e+294,1,1408
3.40467e+294,2.1042e+294,3.40467e+294,1,1409
5.50888e+294,3.40467e+294,5.50888e+294,1,1410
8.91355e+294,5.50888e+294,8.91355e+294,1,1411
1.44224e+295,8.91355e+294,1.44224e+295,1,1412
2.3336e+295,1.44224e+295,2.3336e+295,1,1413
3.77584e+295,2.3336e+295,3.77584e+295,1,1414
6.10944e+295,3.77584e+295,6.10944e+295,1,1415
9.88528e+295,6.10944e+295,9.88528e+295,1,1416
1.59947e+296,9.88528e+295,1.59947e+296,1,1417
2.588e+296,1.59947e+296,2.588e+296,1,1418
4.18747e+296,2.588e+296,4.18747e+296,1,1419
6.77547e+296,4.18747e+296,6.77547e+296,1,1420
1.09629e+297,6.77547e+296,1.09629e+297,1,1421
1.77384e+297,1.09629e+297,1.77384e+297,1,1422
2.87014e+297,1.77384e+297,2.87014e+297,1,1423
4.64398e+297,2.87014e+297,4.64398e+297,1,1424
7.51411e+297,4.64398e+297,7.51411e+297,1,1425
1.21581e+298,7.51411e+297,1.21581e+298,1,1426
1.96722e+298,1.21581e+298,1.96722e+298,1,1427
3.18303e+298,1.96722e+298,3.18303e+298,1,1428
5.15025e+298,3.18303e+298,5.15025e+298,1,1429
8.33328e+298,5.15025e+298,8.33328e+298,1,1430
1.34835e+299,8.33328e+298,1.34835e+299,1,1431
2.18168e+299,1.34835e+299,2.18168e+299,1,1432
3.53003e+299,2.18168e+299,3.53003e+299,1,1433
5.71171e+299,3.53003e+299,5.71171e+299,1,1434
9.24175e+299,5.71171e+299,9.24175e+299,1,1435
1.49535e+300,9.24175e+299,1.49535e+300,1,1436
2.41952e+300,1.49535e+300,2.41952e+300,1,1437
3.91487e+300,2.41952e+300,3.91487e+300,1,1438
6.33439e+300,3.91487e+300,6.33439e+300,1,1439
1.02493e+301,6.33439e+300,1.02493e+301,1,1440
1.65836e+301,1.02493e+301,1.65836e+301,1,1441
2.68329e+301,1.65836e+301,2.68329e+301,1,1442
4.34165e+301,2.68329e+301,4.34165e+301,1,1443
7.02494e+301,4.34165e+301,7.02494e+301,1,1444
1.13666e+302,7.02494e+301,1.13666e+302,1,1445
1.83915e+302,1.13666e+302,1.83915e+302,1,1446
2.97581e+302,1.83915e+302,2.97581e+302,1,1447
4.81497e+302,2.97581e+302,4.81497e+302,1,1448
7.79078e+302,4.81497e+302,7.79078e+302,1,1449
1.26057e+303,7.79078e+302,1.26057e+303,1,1450
2.03965e+303,1.26057e+303,2.03965e+303,1,1451
3.30023e+303,2.03965e+303,3.30023e+303,1,1452
5.33988e+303,3.30023e+303,5.33988e+303,1,1453
8.64011e+303,5.33988e+303,8.64011e+303,1,1454
1.398e+304,8.64011e+303,1.398e+304,1,1455
2.26201e+304,1.398e+304,2.26201e+304,1,1456
3.66001e+304,2.26201e+304,3.66001e+304,1,1457
5.92202e+304,3.66001e+304,5.92202e+304,1,1458
9.58203e+304,5.92202e+304,9.58203e+304,1,1459
1.5504e+305,9.58203e+304,1.5504e+305,1,1460
2.50861e+305,1.5504e+305,2.50861e+305,1,1461
4.05901e+305,2.50861e+305,4.05901e+305,1,1462
6.56762e+305,4.05901e+305,6.56762e+305,1,1463
1.06266e+306,6.56762e+305,1.06266e+306,1,1464
1.71943e+306,1.06266e+306,1.71943e+306,1,1465
2.78209e+306,1.71943e+306,2.78209e+306,1,1466
4.50151e+306,2.78209e+306,4.50151e+306,1,1467
7.2836e+306,4.50151e+306,7.2836e+306,1,1468
1.17851e+307,7.2836e+306,1.17851e+307,1,1469
1.90687e+307,1.17851e+307,1.90687e+307,1,1470
3.08538e+307,1.90687e+307,3.08538e+307,1,1471
4.99225e+307,3.08538e+307,4.99225e+307,1,1472
8.07764e+307,4.99225e+307,8.07764e+307,1,1473
1.30699e+308,8.07764e+307,1.30699e+308,1,1474
the time to calculate prediction took 50 milliseconds

